Acceptance prior quality
ece: 0.03760528256484607
brier: 0.18373704772496013
auroc: 0.7627384104936682
